<?xml version="1.0" standalone="no"?>
<!-- Generator: Adobe Fireworks 10, Export SVG Extension by Aaron Beall (http://fireworks.abeall.com) . Version: 0.6.1  -->
<!DOCTYPE svg PUBLIC "-//W3C//DTD SVG 1.1//EN" "http://www.w3.org/Graphics/SVG/1.1/DTD/svg11.dtd">
<svg id="Untitled-Page%201" viewBox="0 0 140 80" style="background-color:#ffffff00" version="1.1"
	xmlns="http://www.w3.org/2000/svg" xmlns:xlink="http://www.w3.org/1999/xlink" xml:space="preserve"
	x="0px" y="0px" width="140px" height="60px" fill="#FFF"
>
		<g transform="translate(0,10)" >
			<path d="M 38.1899 48.9484 L 18.4961 48.9484 C 14.8675 48.9484 11.8016 45.9133 11.8016 42.3216 L 11.7806 6.7322 C 11.7806 3.4283 9.1689 1.6457 6.7106 1.6457 C 4.2199 1.6457 1.6434 3.5484 1.6434 6.7322 L 1.6434 27.846 L 0 27.846 L 0 6.7322 C 0 2.5173 3.412 0 6.7106 0 C 10.5379 0 13.4245 2.8938 13.4245 6.7322 L 13.4461 42.3216 C 13.4461 45.0207 15.7591 47.3016 18.4961 47.3016 L 38.1899 47.3016 C 41.7208 47.3016 44.2827 44.7707 44.2827 41.2834 C 44.2827 37.8616 41.6068 35.1804 38.1899 35.1804 L 30.5126 35.2145 C 25.0706 35.2145 20.2426 32.4764 17.5936 27.8914 L 19.0167 27.0659 C 21.3686 31.1375 25.6646 33.5671 30.5094 33.5671 L 38.1867 33.533 C 42.5287 33.533 45.9266 36.9381 45.9266 41.2834 C 45.9266 45.6537 42.601 48.9484 38.1899 48.9484 L 38.1899 48.9484 Z" />
			<path d="M 35.0512 25.0517 L 35.0512 25.0517 Z" />
			<g>
				<path d="M 24.0591 4.1749 L 23.1777 2.7851 C 26.04 0.9624 29.3504 0 32.7517 0 L 32.7517 1.6457 C 29.6637 1.6457 26.6572 2.5205 24.0591 4.1749 L 24.0591 4.1749 Z" />
				<g>
					<path d="M 82.0741 49.2064 L 68.965 49.2064 L 68.965 34.127 L 82.0741 34.127 C 86.2227 34.127 89.597 37.5083 89.597 41.6648 C 89.597 45.8241 86.2227 49.2064 82.0741 49.2064 L 82.0741 49.2064 ZM 70.6089 47.5596 L 82.0741 47.5596 C 85.3166 47.5596 87.9531 44.9152 87.9531 41.6648 C 87.9531 38.4167 85.3166 35.7744 82.0741 35.7744 L 70.6089 35.7744 L 70.6089 47.5596 L 70.6089 47.5596 Z" />
					<path d="M 56.5839 48.3836 L 56.5839 48.3836 Z" />
					<path d="M 33.3241 24.2397 L 33.3241 24.2397 Z" />
					<path d="M 82.8701 60 L 60.4431 60 C 58.1555 60 56.2264 59.1311 55.1517 57.6207 C 54.3584 56.5051 53.6515 54.4796 54.7931 51.1703 L 55.0221 50.5113 C 56.0574 47.5288 56.8755 45.1733 56.8755 41.7893 C 56.8755 32.4099 49.3338 25.0625 39.7064 25.0625 L 34.0623 25.0625 C 29.937 25.0625 26.7058 21.9583 26.7058 17.9949 C 26.7058 13.9985 29.8295 10.8677 33.8177 10.8677 L 47.7893 10.8839 C 50.7007 10.8839 52.4407 8.5549 52.4407 6.3027 C 52.4407 4.0137 50.7007 1.6457 47.7882 1.6457 L 32.7517 1.6457 L 32.7517 0 L 47.7882 0 C 51.73 0 54.0846 3.2044 54.0846 6.3027 C 54.0846 9.3637 51.73 12.5302 47.7882 12.5302 L 33.8166 12.514 C 30.7513 12.514 28.3492 14.922 28.3492 17.9949 C 28.3492 21.0342 30.8588 23.4168 34.0623 23.4168 L 39.7064 23.4168 C 50.2556 23.4168 58.5194 31.4869 58.5194 41.7893 C 58.5194 45.4508 57.6613 47.9226 56.5742 51.0523 L 56.3474 51.708 C 55.6248 53.8033 55.6739 55.5172 56.4905 56.6642 C 57.2525 57.7375 58.6939 58.3521 60.4431 58.3521 L 82.8701 58.3521 C 92.457 58.3521 99.6866 51.4889 99.6866 42.3882 C 99.6866 36.1883 95.6412 31.0536 92.8448 29.8753 L 91.3203 29.2326 L 92.7524 28.4032 C 95.6104 26.7488 98.566 22.1379 98.566 17.2883 L 100.2111 17.2883 C 100.2111 22.0973 97.5778 26.7229 94.715 29.0378 C 97.8035 31.1228 101.33 36.2337 101.33 42.3882 C 101.33 52.4281 93.3946 60 82.8701 60 L 82.8701 60 Z" />
				</g>
			</g>
			<path d="M 122.0181 59.9978 C 117.883 59.9978 115.3242 56.517 115.3242 53.2915 L 115.3242 12.6968 L 105.9085 12.6968 L 105.9085 11.0495 L 116.9676 11.0495 L 116.9676 53.2915 C 116.9676 55.778 118.8567 58.351 122.0181 58.351 C 125.1796 58.351 127.0692 55.778 127.0692 53.2915 L 127.0692 11.0495 L 138.0478 11.0495 C 141.0115 11.0495 142.7829 8.6799 142.7829 6.3887 C 142.7829 4.0575 141.0115 1.6463 138.0478 1.6463 L 63.1725 1.6457 C 60.26 1.6457 58.5194 4.0137 58.5194 6.3027 L 58.5194 11.6905 C 58.5194 18.1566 63.5376 23.4168 69.7065 23.4168 L 81.5141 23.4168 C 84.6901 23.4168 86.9955 21.1413 86.9955 18.0073 C 86.9955 14.9268 84.588 12.514 81.5141 12.514 L 69.7864 12.514 L 69.7864 10.8677 L 81.5141 10.8677 C 85.5099 10.8677 88.64 14.0033 88.64 18.0073 C 88.64 22.0291 85.5763 25.0625 81.5141 25.0625 L 69.7065 25.0625 C 62.6313 25.0625 56.8755 19.0639 56.8755 11.6905 L 56.8755 6.3027 C 56.8755 3.2044 59.2312 0 63.1725 0 L 138.0478 0 C 142.0398 0 144.4268 3.2482 144.4268 6.3887 C 144.4268 9.4897 142.0398 12.6968 138.0478 12.6968 L 128.7125 12.6968 L 128.7125 53.2915 C 128.7125 56.517 126.1527 59.9978 122.0181 59.9978 L 122.0181 59.9978 Z" />
		</g>
</svg>